DST1802*01RRX020   0   5   3   5   5   5   4   3  -2  -5  -7  -4   3   8   8   8  11   8   6   6   6   7   3   2   3   4
DST1802*02RRX020   0   2  -1  -1  -1  -2  -1   0  -3  -7  -7  -4   1   5   6   5   5   4   2   5  11  16  20  23  21   4
DST1802*03RRX020   0  18  14  13  15  14  15  14  10   4   1   4   8  10  11  10  12  10  11  14  15  18  22  22  17  13
DST1802*04RRX020   0  15  14  14  14  15  18  19  15  11   8  10  15  19  19  20  23  26  24  18  18  19  22  24  19  17
DST1802*05RRX020   0  12   5  -3  -2   3   5   7   4   3   0   2   8   6   5  -5  -6  -9  -5   0   1   2   3   7   7   2
DST1802*06RRX020   0  10   9  13  10   8   7   7   6   3   4   9   4   7   5   5   6   5   6   4   6   8  10  15  13   8
DST1802*07RRX020   0  10   7   6   5   5   5   5   5   9  12  13  13   9   6   7   7   5   5   7  10  11  14  16  15   9
DST1802*08RRX020   0  13  11  12  13  12  13  14  13  11   8  11  15  17  15  14  13  10  10  12  15  14  15  19  18  13
DST1802*09RRX020   0  16  13  13  12  10   7   7   8   7   6   6   7   9   9  10  11  11  12  13  16  18  20  20  19  12
DST1802*10RRX020   0  16  19  22  23  22  17  16  16  13  10   7   7   5   4   7   9   5   1   3   1   1   4   7   6  10
DST1802*11RRX020   0   2   1   6  10  10   8   7   5   3   5   9  11  12  13  11  11  10  10   9  11  14  16  18  17  10
DST1802*12RRX020   0  17  16  17  20  20  18  15  13  13  13  15  22  26  27  26  25  20  18  17  17  21  25  28  27  20
DST1802*13RRX020   0  25  23  21  19  17  17  18  15  16  14  15  17  20  19  15  13  11  11  11  13  13  13  11   6  16
DST1802*14RRX020   0   3   5   9   9   7   4   6   7   6   5   6  10  12  13  14  15  13  11  10  11  10  10   9   8   9
DST1802*15RRX020   0  11  15  17  15  12  10   9   8  12  19  17  19  22  21  18   7  -5  -8  -7  -2  -4  -2   1   1   9
DST1802*16RRX020   0   7  11  13  12   8  13   5  -1   0  -9  -7  -5  -2   0   1   5   6   6   5   6   8  11   7   4   4
DST1802*17RRX020   0   4   4   0   0  -2  -7 -10 -13 -18 -18 -15 -11 -11  -7  -7  -4  -6  -6  -5   2   5   6   8   6  -4
DST1802*18RRX020   0   4   2   6   9   7   4  -5  -8  -7  -9 -15 -11  -3  -2  -4  -8 -11  -8  -6  -3   0   0  -2   1  -3
DST1802*19RRX020   0   1  -2  -2   0  -8  -9  -7  -9 -14 -17 -15 -10  -8  -2  -2  -6  -8 -10 -10  -7  -6  -6  -3  -5  -7
DST1802*20RRX020   0  -5  -3  -1   0  -2  -4  -7 -13 -17 -19 -16 -13 -10  -6  -2  -1  -2  -2  -2   3   2   1   1  -2  -5
DST1802*21RRX020   0  -3  -2   0   0   0   3   9  10   4  -4  -4  -1   3   4   6   5   5   3   7   9  11  13  13   9   4
DST1802*22RRX020   0   4   1   1   0   1   4   5   3   1  -1  -2   3   6   9  10   9   8   4  -1   0   5   2   3   1   3
DST1802*23RRX020   0   0  -1   0  -6  -9  -3  -7 -10  -5 -16 -16 -17  -7  -2   0  -3  -5  -7  -9  -7  -3  -2   5   5  -5
DST1802*24RRX020   0  -3 -10  -8  -9 -11 -12 -12 -16 -19 -15 -11  -4   1   2   1  -1  -3  -3  -5  -7  -4  -2   1   1  -6
DST1802*25RRX020   0   0   0   1   1   0  -1   2   5   2   0   1   4   5   5   4   7   3   0  -2  -4  -2   2   8   9   2
DST1802*26RRX020   0   7   4   7   6   4   1  -4  -4  -2  -5  -5  -1   0  -2  -5   0   2   3   3   6   5   6  11   8   2
DST1802*27RRX020   0   8   2  -1  -6 -19 -16 -10 -10 -13 -11  -5  -5 -15 -17 -17 -17 -16 -16 -16 -15 -12  -6  -1   2 -10
DST1802*28RRX020   0   1   3   5   1  -2  -4  -8 -11 -11  -9 -10  -7  -5  -4  -3  -1  -4  -6  -6  -5  -2  -1   2   4  -3

[Created at Thu Mar 1 00:30:11 UTC 2018]
